     age  sex  cp  trestbps   chol  fbs  restecg  thalach  exang  oldpeak  slope  ca  thal  target
0     63    1   1     145.0  233.0    1        2    150.0      0      2.3      3   0     6       0
1     67    1   4     160.0  286.0    0        2    108.0      1      1.5      2   3     3       1
2     67    1   4     120.0  229.0    0        2    129.0      1      2.6      2   2     7       1
3     37    1   3     130.0  250.0    0        0    187.0      0      3.5      3   0     3       0
4     41    0   2     130.0  204.0    0        2    172.0      0      1.4      1   0     3       0
..   ...  ...  ..       ...    ...  ...      ...      ...    ...      ...    ...  ..   ...     ...
298   45    1   1     110.0  264.0    0        0    132.0      0      1.2      2   0     7       1
299   68    1   4     144.0  193.0    1        0    141.0      0      3.4      2   2     7       1
300   57    1   4     130.0  131.0    0        0    115.0      1      1.2      2   1     7       1
301   57    0   2     130.0  236.0    0        2    174.0      0      0.0      2   1     3       1
302   38    1   3     138.0  175.0    0        0    173.0      0      0.0      1   0     3       0

[303 rows x 14 columns]